252 240 61 255
252 240 61 255
197 83 157 84 95 111 92 184 90 236 123 295 198 294 251 293 300 254 301 193 302 126 247 81 198 83

0 0 0 255
0 0 0 255
157 185 154 183 148 186 149 192 149 198 153 200 159 200 168 199 166 192 166 192 167 188 164 185 158 185

0 0 0 255
0 0 0 255
237 185 228 185 227 190 227 194 227 197 229 200 234 200 241 200 244 200 244 193 244 188 241 186 235 185

240 107 143 255
240 107 143 255
132 218 123 218 120 222 120 232 120 240 125 247 135 247 143 247 149 241 148 231 147 223 147 217 133 219

240 107 143 255
240 107 143 255
261 215 248 216 247 224 247 233 247 242 256 247 264 247 273 247 277 238 277 231 277 222 274 215 261 215

0 0 0 255
0 0 0 255
168 224 166 234 187 244 198 243 213 242 222 233 224 224 223 223 216 223 215 225 212 233 208 235 197 235 183 235 180 230 177 225 171 224 171 224 168 224