252 240 61 255
252 240 61 255
159 28 147 51 159 67 148 85 137 88 112 54 88 58 81 78 118 102 102 119 93 122 61 104 44 116 48 136 82 143 82 164 73 187 48 163 28 187 45 203 73 200 77 211 80 232 61 228 39 258 74 270 85 254 104 264 101 287 89 298 92 319 114 320 134 287 146 296 161 310 142 337 157 353 184 333 178 311 200 306 215 323 219 338 235 354 251 332 236 312 246 293 271 294 274 315 302 324 306 305 288 289 290 259 316 261 327 270 351 260 345 246 332 241 315 219 305 203 352 207 366 190 352 175 339 180 313 167 318 141 344 138 354 115 336 109 309 116 291 114 283 105 306 83 300 59 275 59 269 79 252 84 234 70 247 48 235 26 213 31 212 68 195 73 182 65 187 50 162 27

0 0 0 255
0 0 0 255
157 185 154 183 148 186 149 192 149 198 153 200 159 200 168 199 166 192 166 192 167 188 164 185 158 185

0 0 0 255
0 0 0 255
237 185 228 185 227 190 227 194 227 197 229 200 234 200 241 200 244 200 244 193 244 188 241 186 235 185

240 107 143 255
240 107 143 255
132 218 123 218 120 222 120 232 120 240 125 247 135 247 143 247 149 241 148 231 147 223 147 217 133 219

240 107 143 255
240 107 143 255
261 215 248 216 247 224 247 233 247 242 256 247 264 247 273 247 277 238 277 231 277 222 274 215 261 215

0 0 0 255
0 0 0 255
168 224 166 234 187 244 198 243 213 242 222 233 224 224 223 223 216 223 215 225 212 233 208 235 197 235 183 235 180 230 177 225 171 224 171 224 168 224