Sumatera 1 - 1
140 189 156 255
33,79,36,79,37,81,38,83,37,84,35,82,33,82

Sumatera 2 - 1
140 189 156 255
41,75,42,74,44,76,44,78,43,80,40,79,40,77

Sumatera 3 - 1
140 189 156 255
40,88,39,86,44,84,47,82,53,84,57,87,63,91,67,94,70,98,75,94,78,96,83,96,88,96,94,94,96,94,100,96,104,96,106,100,109,101,115,99,119,98,124,100,126,106,131,110,133,111,135,117,137,122,142,126,146,124,145,131,143,134,148,138,154,141,158,144,162,148,168,153,176,154,182,159,188,164,193,167,199,172,204,176,204,180,204,185,213,186,216,189,219,196,221,201,226,204,232,204,237,201,243,202,251,210,252,216,256,221,265,224,269,223,274,228,279,232,280,237,280,242,283,246,288,249,292,252,296,252,303,251,296,247,290,248,292,243,294,240,298,243,302,246,306,246,310,248,313,254,312,258,308,262,302,265,300,269,308,267,313,266,318,262,322,260,328,264,334,268,336,273,334,278,330,279,326,280,324,285,324,287,326,291,324,296,324,305,330,307,334,310,342,312,352,314,358,314,360,321,360,324,361,332,362,338,364,342,367,344,366,347,371,351,374,351,375,354,371,358,370,361,368,367,370,364,373,359,378,361,383,361,388,361,395,362,400,362,399,367,402,370,407,376,406,380,411,382,416,386,416,389,412,394,408,402,410,409,410,416,408,426,411,433,408,450,408,464,405,476,403,483,395,473,387,466,382,476,375,473,370,470,364,469,366,475,367,478,369,481,365,483,361,478,359,475,355,476,352,468,347,466,342,462,340,459,340,456,335,452,330,449,325,448,319,446,315,441,316,438,309,434,306,433,301,423,295,422,287,416,285,414,285,408,282,402,277,401,272,397,269,394,264,393,259,385,254,377,253,375,250,371,243,369,243,364,241,361,236,359,233,355,234,352,235,348,235,344,232,341,232,343,230,338,228,334,227,332,227,329,227,326,225,323,222,323,219,321,219,319,222,314,218,309,216,306,211,301,209,297,206,292,203,292,199,289,199,284,197,282,197,279,193,276,190,273,186,272,184,270,181,269,178,269,174,267,174,264,173,260,171,253,170,248,169,244,166,238,164,233,161,228,161,223,163,221,160,219,153,213,150,209,143,206,136,202,133,200,130,200,126,199,124,194,123,189,121,181,120,176,117,177,115,176,111,173,110,167,106,165,105,162,104,157,98,154,94,149,87,148,83,149,79,145,75,140,75,137,70,134,66,133,64,128,60,123,54,119,50,115,44,110,44,107,43,103,43,101,41,98,39,95,39,93,41,90

Sumatera 7
140 189 156 255
149,221,154,223,156,223,152,224,147,222

Sumatera 8
140 189 156 255
157,272,163,270,164,272,157,275

Sumatera 9
140 189 156 255
150,278,152,278,153,280,154,283,156,286,158,288,155,288,152,285

Sumatera 10
140 189 156 255
152,290,154,292,155,295,154,297,151,297,149,294,150,292

Sumatera 11
140 189 156 255
157,320,158,318,160,315,159,312,163,311,165,311,168,311,170,310,170,314,170,316,172,318,174,319,175,324,177,327,179,330,181,332,182,336,182,338,179,336,180,339,178,340,176,340,175,337,172,337,168,337,165,334,164,330,163,327,159,323,159,321,156,322

Sumatera 12
140 189 156 255
191,352,191,350,194,349,196,351,199,355,201,358,203,360,195,357,192,356

Sumatera 13
140 189 156 255
206,371,205,368,205,365,208,367,211,370,213,372,212,374,211,377,208,375,205,373,207,369

Sumatera 14
140 189 156 255
207,367,210,369,212,370,212,374,212,376,209,376,207,377,206,374,208,371,205,369

Sumatera 15
140 189 156 255
214,377,217,378,219,380,222,381,222,384,220,387,221,390,220,392,218,388,217,385,215,383,212,380,214,379

Sumatera 16
140 189 156 255
256,208,258,209,260,206,262,206,264,208,265,210,267,212,264,215,268,218,264,219,262,219,259,219,256,217,253,214,253,211,254,209

Sumatera 17
140 189 156 255
281,461,285,462,288,463,288,465,289,467,286,468,283,464,281,463,279,462

Sumatera 18
140 189 156 255
275,222,280,223,284,223,287,224,289,226,291,228,291,230,286,228,282,226,278,226,275,224

Sumatera 19
140 189 156 255
283,233,282,231,284,229,288,231,290,232,291,234,291,238,290,243,286,243,283,241,282,236

Sumatera 20
140 189 156 255
300,238,305,240,308,241,312,244,314,246,314,250,309,246,305,244,303,243,300,243,298,240

Sumatera 21
140 189 156 255
294,241,296,243,299,244,303,246,307,248,310,249,312,250,311,254,300,250,292,249,290,247,292,243

Sumatera 22
140 189 156 255
324,248,326,248,326,251,326,254,324,255,322,255,320,251,321,248

Sumatera 23
140 189 156 255
316,254,319,254,318,257,315,258

Sumatera 24
140 189 156 255
334,244,335,247,336,244,335,242

Sumatera 25
140 189 156 255
333,250,335,252,337,253,337,250,335,249

Sumatera 26
140 189 156 255
340,247,340,249,340,251,338,248

Sumatera 27
140 189 156 255
339,244,341,245,344,244,347,240,348,237,345,235,341,238,339,240

Sumatera 28
140 189 156 255
349,247,351,250,352,252,354,253,351,254,349,250,347,249,346,247

Sumatera 29 - 1
140 189 156 255
350,239,351,242,353,243,356,241,359,241,359,243,359,245,360,247,362,249,364,249,365,246,365,243,365,240,365,238,364,236,361,239,359,237,356,238,354,238

Sumatera 30
140 189 156 255
330,285,331,283,333,282,329,282

Sumatera 31
140 189 156 255
336,282,338,285,342,285,344,285,339,287,337,288,334,286

Sumatera 32
140 189 156 255
360,274,363,277,362,273,362,271,364,273,366,276,366,279,368,282,370,284,372,283,375,286,378,288,375,289,371,288,369,286,366,286,362,288,361,286,359,286,360,283,362,281,360,277

Sumatera 33
140 189 156 255
356,291,359,292,360,290,362,292,364,293,363,296,362,298,361,300,359,297,358,301,356,299,356,296,354,294

Sumatera 34 - 1
140 189 156 255
393,340,391,343,388,343,386,344,383,345,382,348,385,351,391,354,394,352,397,349,399,351,402,353,404,353,406,355,407,357,408,361,410,362,410,367,409,372,412,375,414,377,418,378,420,379,424,380,427,382,430,384,433,386,436,383,436,381,432,379,434,375,437,371,440,369,437,366,434,365,430,365,426,364,425,361,422,359,418,355,418,351,418,347,418,343,415,341,415,334,412,331,408,330,406,330,404,331,406,335,404,336,406,338,408,340,404,341,402,338,400,335,399,333,396,333,394,333,392,333,391,337

Sumatera 35
140 189 156 255
443,376,444,378,445,380,444,382,442,380,440,379

Sumatera 36
140 189 156 255
448,379,450,380,450,376,448,376

Sumatera 37
140 189 156 255
461,377,464,378,464,374,461,374

Sumatera 38 - 1
140 189 156 255
468,389,471,389,474,388,476,387,477,385,481,387,483,389,484,387,487,386,489,386,490,381,491,378,493,377,487,371,485,369,478,367,476,364,473,365,470,366,469,368,469,370,469,372,468,376,467,379,469,381,467,384,470,386

Sumatera 39
140 189 156 255
348,180,350,179,351,182,350,184,347,182

Sumatera 40
140 189 156 255
401,173,405,174,405,179,403,180,402,176,400,176

Sumatera 41
140 189 156 255
417,164,417,166,419,164,422,166,424,162,425,160,424,158,421,162,418,162

Sumatera 42
140 189 156 255
473,172,477,172,476,175,478,176,476,178,473,179,471,178,474,177,473,175,471,174

Sumatera 43
140 189 156 255
488,150,485,152,487,154,491,153,493,151,493,148,495,146,494,142,490,136,488,133,485,135,482,137,480,139,483,143,485,145,487,147

Sumatera 44
140 189 156 255
474,111,477,109,474,107,472,110

Sumatera 45
140 189 156 255
453,273,455,272,451,270

Sumatera 46s
140 189 156 255
511,335,514,335,513,331,510,332

Kalimantan 1
140 189 156 255
531,212,537,209,539,218,543,226,547,232,550,238,556,242,562,247,574,249,584,245,592,244,610,243,616,243,622,238,626,236,629,229,640,227,650,224,660,230,670,233,679,232,687,228,692,225,702,225,709,221,711,216,714,208,721,205,726,195,724,188,726,181,731,177,738,171,744,164,745,151,748,142,747,129,760,130,769,129,776,129,784,129,796,129,808,131,811,138,815,144,820,148,816,153,806,152,800,151,809,157,811,158,809,162,807,166,805,168,811,172,811,175,816,179,817,188,821,188,825,192,829,196,830,201,823,204,820,208,822,215,829,216,830,221,835,224,840,227,843,231,847,234,852,237,854,241,859,242,852,248,843,251,837,250,830,248,824,246,826,250,821,250,814,256,810,262,808,270,807,274,808,279,808,288,813,293,815,299,813,306,806,309,803,308,795,314,793,319,789,321,785,315,784,323,780,328,777,329,779,335,771,337,769,339,769,344,775,344,772,349,778,355,777,364,773,369,770,372,770,377,765,379,760,374,762,385,764,384,760,389,759,395,754,401,746,406,739,409,733,412,726,417,718,419,712,421,710,413,710,405,710,400,707,394,702,395,696,393,693,393,690,393,685,396,680,396,674,396,674,392,671,385,670,387,667,391,659,384,655,380,650,385,650,390,641,393,637,395,630,390,624,393,620,399,616,400,615,391,615,388,612,381,608,379,608,382,601,379,595,379,593,383,585,385,580,383,576,383,571,382,571,377,565,379,561,381,559,377,559,370,557,363,554,357,552,352,555,349,550,342,548,339,550,337,550,332,550,323,545,316,540,314,540,321,535,323,532,323,530,320,531,317,534,312,535,307,530,311,528,309,524,306,525,302,528,303,529,298,526,298,522,299,520,294,518,289,520,283,524,276,521,272,518,269,513,264,513,258,510,251,510,247,516,244,513,238,519,228,521,223,524,218,527,214


Jawa Kecil 1-1
140 189 156 255
383,504,386,504,389,506,387,508,385,508,383,506

Jawa Besar 1-1
140 189 156 255
403,515,396,517,392,511,400,506,403,501,406,496,409,490,411,485,417,482,424,487,436,487,439,487,443,489,447,489,451,488,455,484,460,485,465,488,468,491,473,493,479,494,482,495,487,495,491,496,495,496,498,496,502,501,503,506,502,507,501,512,508,512,517,514,527,514,534,517,541,517,548,519,554,519,559,518,565,518,570,515,572,512,574,508,576,505,579,503,586,500,590,503,590,508,590,510,598,511,603,512,611,513,615,513,623,514,632,517,635,518,640,520,645,526,647,529,648,534,652,542,650,539,655,540,662,544,666,546,670,546,670,544,674,544,678,542,683,544,688,544,692,545,697,546,701,545,706,545,706,548,705,554,704,559,703,568,706,575,709,581,704,583,700,581,700,578,698,576,696,576,694,576,680,571,677,570,675,569,669,567,668,567,665,564,659,565,656,566,653,566,651,567,644,567,640,568,629,568,627,566,626,567,622,568,619,566,617,565,612,565,609,567,607,568,603,567,598,565,590,564,583,563,579,562,574,561,571,559,567,557,566,555,564,555,559,552,558,551,554,549,546,547,537,546,532,547,527,544,524,544,516,545,515,545,513,544,509,544,502,544,495,549,485,549,482,549,479,547,471,545,468,542,463,538,460,537,456,535,452,535,446,535,443,537,440,536,434,533,430,531,428,530,430,525,432,518,431,517,427,517,423,517,419,517,417,517,413,513,409,514,413,515

Jawa Kecil 2-1
140 189 156 255
645,522,650,523,657,527,660,528,661,526,667,526,674,527,676,528,679,524,686,521,693,517,687,515,681,516,673,515,664,515,657,514,652,512

Jawa Kecil 3-1
140 189 156 255
707,560,708,564,711,567,714,569,723,570,727,571,730,574,730,577,731,581,733,580,735,577,739,575,744,572,748,569,749,565,745,564,740,561,738,560,735,559,730,557,729,558,726,562,721,563,719,562,716,559

Jawa Kecil 4-1
140 189 156 255
640,477,644,483,647,479,646,475

Jawa Kecil 5-1
140 189 156 255
732,514,732,518,737,519,740,517,745,520,738,515

Jawa Kecil 6-1
140 189 156 255
751,524,753,529,757,524

Jawa Kecil 7-1
140 189 156 255
706,560,707,565,712,570,717,570,722,571,728,577,732,584,734,578,737,574,745,571,750,567,744,562,738,560,733,559,730,557,726,562,722,564,719,564

Jawa Kecil 8-1
140 189 156 255
740,579,743,582,746,583,745,578


Nusa Tenggara 1-1
140 189 156 255
740,578,741,582,744,584,747,583,745,579

Nusa Tenggara 2-1
140 189 156 255
755,582,760,585,763,586,766,585,777,586,779,586,779,585,781,576,782,572,782,570,782,567,779,564,777,564,771,564,770,564,766,564,764,565,762,566,760,566,760,571,760,576,761,578,762,580

Nusa Tenggara 3-1
140 189 156 255
785,576,785,582,785,588,787,592,792,591,799,590,803,589,806,590,810,590,816,588,822,586,828,586,833,584,836,583,839,581,846,583,851,584,862,584,870,580,866,576,862,573,861,569,860,566,857,566,855,571,854,572,849,573,849,568,849,567,848,566,846,566,844,565,839,566,834,566,832,564,832,562,831,561,827,559,825,559,823,560,822,560,817,560,817,564,827,569,832,572,836,576,833,577,832,577,829,577,827,578,825,579,819,579,818,576,817,573,815,570,814,566,814,565,814,563,814,562,814,559,811,560,808,562,807,566,809,570,809,572,808,572,806,571,805,571,802,569,799,569,798,569,794,569,793,572,790,574

Nusa Tenggara 4-1
140 189 156 255
860,607,865,612,870,613,877,616,886,615,895,623,896,622,898,625,901,628,904,631,912,632,917,632,924,631,925,628,927,625,921,621,915,617,912,613,910,611,903,607,899,604,896,604,894,603,891,601,887,600,883,601,877,602,870,602,867,602,863,604

Nusa Tenggara 5-1
140 189 156 255
876,568,876,574,875,577,879,578,884,574,882,571,879,570

Nusa Tenggara 6-1
140 189 156 255
885,576,884,579,882,583,887,583,887,579,891,580,894,584,898,583,899,582,905,583,912,583,916,583,920,582,924,584,927,580,928,585,932,586,938,586,942,586,946,585,950,583,956,583,957,582,961,582,965,583,969,579,974,578,979,577,985,576,989,576,992,575,994,571,993,569,996,569,998,566,999,564,996,563,993,566,992,566,989,567,988,568,984,571,983,574,980,575,977,576,975,576,972,576,971,576,968,573,965,570,963,569,956,571,953,573,951,576,946,575,943,575,942,574,941,572,938,569,933,569,929,570,926,569,925,567,922,563,919,560,917,562,912,564,910,564,903,563,902,567,898,570,896,574,896,578

Nusa Tenggara 7-1
140 189 156 255
990,562,991,559,995,557,997,561

Nusa Tenggara 8-1
140 189 156 255
955,645,960,647,964,644,967,642,968,639,962,641,959,642

Nusa Tenggara 9-1
140 189 156 255
996,577,997,571,1001,569,1005,570

Nusa Tenggara 10-1
140 189 156 255
1005,574,1010,570,1013,566,1016,566,1020,565,1023,562,1026,561,1029,561,1032,562,1029,565,1025,567,1023,570,1020,572,1021,575,1018,576,1018,574,1016,573,1013,574

Nusa Tenggara 11-1
140 189 156 255
993,655,994,652,996,650,1000,649,1004,647,1007,645,1008,644,1010,642,1012,640,1013,644,1011,649,1007,652,1005,653,1000,655,997,655

Nusa Tenggara 12-1
140 189 156 255
1033,570,1037,572,1037,575,1041,575,1043,571,1045,566,1045,563,1041,565,1039,569,1038,566,1038,565

Nusa Tenggara 13-1
140 189 156 255
1047,569,1049,565,1050,560,1055,560,1058,561,1062,561,1064,560,1070,560,1074,562,1074,565,1070,568,1062,570,1058,570,1052,571

Nusa Tenggara 14-1
140 189 156 255
1087,564,1090,567,1092,561

Nusa Tenggara 15-1
140 189 156 255
1097,554,1098,550,1098,547,1102,545,1105,543,1108,543,1113,544,1116,544,1120,541,1128,540,1132,541,1134,546,1133,547,1129,547,1124,548,1121,554,1120,554,1119,553,1118,551,1116,550,1113,551,1111,552,1109,551,1104,551

Nusa Tenggara 16-1
140 189 156 255
1149,543,1150,539,1152,536,1157,537,1154,541

Nusa Tenggara 17-1
140 189 156 255
1143,555,1143,559,1147,559,1147,557

Nusa Tenggara 18-1
140 189 156 255
1159,565,1160,563,1164,565

Nusa Tenggara 19-1
140 189 156 255
1167,558,1168,561,1172,563,1175,566,1176,562,1177,560

Nusa Tenggara 20-1
140 189 156 255
1178,565,1179,562,1182,566

Nusa Tenggara 21-1
140 189 156 255
1016,636,1016,632,1019,629,1023,627,1024,626,1022,624,1023,621,1024,619,1025,617,1026,614,1028,612,1029,610,1030,608,1033,604,1036,603,1039,602,1043,600,1047,599,1048,597,1054,596,1057,593,1060,591,1064,589,1068,587,1069,586,1071,584,1074,582,1074,578,1075,577,1078,576,1080,575,1083,575,1088,574,1093,574,1102,574,1107,573,1110,573,1113,572,1116,570,1119,570,1122,571,1126,571,1131,569,1133,568,1136,567,1140,565,1143,567,1146,568,1146,572,1143,575,1134,581,1130,580,1127,581,1123,584,1121,587,1118,586,1116,588,1115,588,1111,589,1109,589,1107,591,1105,592,1102,593,1097,591,1094,594,1092,596,1090,597,1088,597,1084,597,1080,599,1078,603,1076,604,1074,603,1072,606,1069,609,1071,611,1070,612,1067,613,1063,619,1059,622,1056,623,1054,625,1050,628,1046,629,1044,630,1040,629,1037,632,1034,634,1032,636,1029,634

Nusa Tenggara 22-1
140 189 156 255
1199,569,1203,565,1207,566,1210,566,1204,568

Nusa Tenggara 23-1
140 189 156 255
1192,526,1194,530,1197,527,1197,526,1193,524

Nusa Tenggara 24-1
140 189 156 255
1268,566,1271,562,1273,559,1275,557,1279,555,1281,558,1284,559,1276,563

Nusa Tenggara 25-1
140 189 156 255
1281,553,1286,556,1291,550,1293,545,1295,542,1299,540,1301,536,1299,533,1299,528,1306,525,1309,526,1309,524,1304,524,1300,524,1298,524,1296,524,1291,525,1293,528,1288,532,1286,533,1284,535,1284,539,1282,547

Nusa Tenggara 26-1
140 189 156 255
1295,508,1293,512,1296,514,1298,512

Nusa Tenggara 27-1
140 189 156 255
1270,536,1274,542,1277,537,1275,534

Papua 1-1
140 189 156 255
1623,366,1616,366,1607,366,1595,363,1586,361,1566,355,1565,355,1558,351,1538,342,1521,337,1515,334,1510,332,1505,331,1500,338,1491,341,1487,344,1486,345,1488,348,1494,348,1486,357,1484,359,1474,351,1466,355,1462,359,1458,362,1453,365,1444,373,1443,378,1440,382,1437,386,1434,390,1427,392,1416,391,1408,390,1400,380,1400,380,1399,370,1399,364,1398,362,1392,373,1386,365,1383,358,1383,350,1383,339,1391,320,1385,313,1381,309,1365,301,1358,300,1326,287,1318,292,1305,294,1295,300,1293,306,1286,311,1288,317,1282,328,1278,330,1278,330,1293,329,1300,329,1306,337,1308,342,1311,346,1316,350,1323,355,1330,356,1348,354,1362,347,1370,347,1374,352,1372,360,1372,362,1372,368,1371,371,1359,365,1340,367,1337,374,1332,374,1318,370,1313,370,1308,372,1307,376,1312,381,1324,385,1338,394,1345,396,1339,404,1338,405,1345,421,1352,422,1359,422,1362,411,1366,401,1365,393,1366,386,1378,376,1372,392,1378,405,1380,411,1381,414,1391,414,1395,414,1402,412,1417,416,1408,423,1408,423,1410,426,1416,428,1425,435,1437,436,1446,436,1461,438,1463,440,1470,443,1479,445,1485,449,1501,456,1507,458,1512,464,1518,468,1521,472,1523,474,1526,479,1534,504,1537,508,1550,519,1547,524,1548,524,1561,526,1565,527,1547,529,1545,529,1542,529,1542,531,1544,536,1543,537,1539,537,1528,537,1523,537,1518,541,1516,546,1514,551,1513,557,1511,561,1508,565,1532,570,1538,570,1547,560,1549,555,1552,559,1557,563,1572,564,1577,564,1584,563,1587,563,1591,572,1595,576,1599,579,1603,581,1607,587,1612,590,1618,592,1624,592,1623,517,1618,513,1616,508,1617,501,1623,499,1627,498,1622,477,1622,463,1622,443,1624,370

Papua 7-1
140 189 156 255
1400,464,1398,466,1393,474,1390,478,1385,483,1383,489,1390,490,1396,485,1403,477,1406,481

Papua 8-1
140 189 156 255
1403,486,1397,486,1390,491,1386,494,1382,508,1382,510,1386,512,1389,516,1394,516,1396,514,1397,507,1397,501,1404,494

Maluku 1-1
140 189 156 255
1171,202,1164,210,1160,214,1156,217,1156,226,1156,232,1156,239,1149,244,1150,254,1152,255,1155,259,1158,264,1159,271,1160,279,1161,283,1166,288,1173,294,1176,302,1178,307,1183,308,1177,297,1174,291,1171,283,1167,278,1167,267,1176,264,1183,264,1187,267,1195,269,1202,270,1197,258,1193,258,1183,257,1180,257,1185,248,1190,245,1196,240,1198,230,1198,226,1182,225,1180,231,1175,236,1172,241,1166,244,1168,237,1170,237,1175,234,1175,230,1174,226,1173,221,1171,213

Maluku 3-1
140 189 156 255
1194,187,1189,191,1179,199,1182,206,1191,209,1194,205,1197,203,1197,194

Ambon 1-1
140 189 156 255
1260,385,1258,386,1248,383,1235,382,1226,382,1220,379,1199,373,1194,379,1181,375,1175,380,1174,385,1179,391,1179,396,1182,398,1192,399,1195,393,1195,390,1205,384,1223,396,1227,396,1237,390,1243,391,1249,398,1259,404,1264,408,1272,409,1268,400,1260,391,1260,389,1253,383,1251,382

Ambon Kiri 1-1
140 189 156 255
1140,386,1120,384,1113,388,1101,390,1111,399,1121,405,1124,409,1130,409,1139,411,1145,408,1147,398,1141,394

Papua Kecil 1-1
140 189 156 255
1457,317,1451,310,1445,307,1439,305,1434,309,1440,316,1444,318,1456,322,1462,322

Papua Kecil 2-1
140 189 156 255
1471,339,1460,338,1450,337,1441,337,1435,336,1452,338,1453,348,1463,350,1469,346,1480,337

Papua Kecil 3-1
140 189 156 255
1287,285,1273,278,1257,277,1255,282,1255,284,1256,289,1259,288,1267,286,1277,291,1287,294,1293,288,1295,286

Papua Kecil 4-1
140 189 156 255
1256,336,1244,337,1239,342,1230,346,1243,351,1251,351,1255,351,1257,347,1255,338

Papua Kecil 5-1
140 189 156 255
1170,325,1165,322,1156,322,1147,335,1153,338,1164,338,1176,337,1180,335

Papua Kecil 6-1
140 189 156 255
1289,419,1284,417,1286,420,1287,427,1289,428,1293,419

Papua Kecil 7-1
140 189 156 255
1297,429,1297,436,1298,441,1299,450,1302,452,1305,448,1300,441,1298,439

Papua Kecil 8-1
140 189 156 255
1334,470,1335,474,1338,482,1335,477,1340,473

Papua Kecil 9-1
140 189 156 255
1348,459,1345,467,1345,479,1342,483,1347,475,1350,463

Papua Kecil 10-1
140 189 156 255
1253,335,1243,339,1231,341,1246,349,1254,354,1258,344

Sulawesi 1-1
140 189 156 255
1069,219,1061,224,1056,229,1051,230,1045,232,1042,239,1041,243,1035,246,1031,246,1025,246,1018,247,1012,248,1000,252,996,252,988,249,984,249,976,247,976,243,973,241,969,242,956,243,953,242,942,238,947,235,952,230,944,233,940,234,927,234,921,243,916,246,914,250,912,251,908,249,904,246,902,248,902,252,894,254,894,258,893,263,890,266,889,274,892,276,892,279,889,283,884,281,887,285,889,290,889,294,889,299,889,302,889,308,884,305,880,310,877,314,872,322,872,327,871,330,872,334,871,339,873,342,872,345,869,348,868,351,867,354,866,358,865,361,863,364,860,367,858,370,856,371,853,375,856,376,855,387,857,389,857,392,857,397,859,399,863,400,865,400,870,399,876,397,878,397,880,410,882,418,882,423,883,426,883,429,882,436,880,439,878,446,878,449,878,453,877,455,875,458,875,461,876,465,878,467,881,471,886,472,888,473,889,476,892,476,897,471,900,470,903,470,905,469,909,466,907,463,905,460,905,458,906,453,905,447,908,445,912,437,912,432,910,430,909,428,908,425,908,421,909,417,909,402,912,406,912,399,911,395,911,392,910,390,910,388,908,383,907,381,905,380,909,379,911,378,913,376,916,371,919,370,923,368,926,369,930,370,932,370,935,377,935,381,931,387,931,391,925,396,925,398,928,399,934,407,936,407,944,413,949,417,957,421,950,423,950,427,948,439,950,441,952,443,955,444,959,445,968,447,970,447,969,442,968,440,969,438,970,436,974,434,976,433,980,430,985,429,987,433,990,433,990,429,987,427,992,430,996,430,996,428,996,423,996,421,994,419,991,419,989,419,987,417,985,415,984,413,982,411,979,409,976,407,975,405,971,403,973,400,975,399,974,394,979,391,981,391,982,386,980,385,975,382,973,381,969,378,974,378,976,373,972,372,970,372,966,367,964,364,962,360,960,358,958,355,954,352,951,352,949,351,945,347,944,345,942,341,944,339,948,342,953,345,955,345,959,341,961,339,968,335,970,334,979,331,982,326,984,325,986,322,989,320,991,315,993,312,995,309,998,308,1001,308,1005,309,1007,310,1010,313,1013,315,1015,309,1015,306,1016,303,1013,300,1011,298,1009,297,1005,297,999,297,996,298,992,300,994,302,992,305,988,305,983,304,980,303,976,303,972,306,966,310,962,311,957,310,954,307,950,306,946,311,943,314,938,320,936,324,934,325,928,325,926,325,922,326,917,326,916,322,915,320,914,317,915,315,915,313,910,310,906,310,901,302,899,300,896,296,897,291,898,289,898,287,898,285,898,282,898,279,901,276,904,273,904,269,906,265,909,263,919,261,922,262,926,263,933,263,936,264,942,263,945,262,948,261,951,261,954,261,956,261,958,262,962,263,965,263,970,263,983,263,985,263,987,262,991,262,999,261,1005,266,1007,267,1010,267,1021,267,1027,268,1032,266,1043,263,1046,264,1052,262,1054,257,1052,256,1054,251,1056,249,1059,247,1062,246,1065,245,1067,244,1067,242,1068,239,1070,236,1074,232,1074,230,1077,228,1077,225,1075,224,1074,221

Sulawesi 13-1
140 189 156 255
1113,341,1106,340,1101,340,1096,340,1089,343,1087,344,1080,341,1076,341,1071,341,1067,341,1062,339,1059,338,1053,337,1050,333,1044,340,1043,344,1046,347,1049,348,1053,348,1059,346,1063,343,1085,344,1093,345,1097,345,1100,347,1104,345,1106,344,1109,343

Sulawesi 14-1
140 189 156 255
1005,435,1003,432,996,431,995,437,995,440,992,443,995,447,994,451,995,455,993,459,989,463,986,469,985,472,986,475,991,476,994,476,996,475,996,472,996,468,998,463,1003,465,1007,464,1004,459,999,456,998,454,997,448,1001,446,1006,444,1009,436,1002,436,1000,431

Sulawesi 15-1
140 189 156 255
992,441,987,440,983,440,981,443,978,448,977,444,977,454,976,462,978,464,983,463,985,460,985,455,986,452,988,449,990,447,990,440

Sulawesi 16-1
140 189 156 255
914,480,911,483,910,485,912,493,911,500,911,504,913,505,915,503,913,496,912,487,912,485

Sulawesi 17-1
140 189 156 255
964,454,958,457,958,463,964,466,965,469,967,471,966,463,966,458,957,453
