248 252 162 255
248 252 162 255
100 137 95 151 89 106 84 92 80 81 125 120 131 109 135 101 132 48 143 61 149 68 164 95 168 99 175 106 201 55 203 59 208 69 209 102 214 114 215 117 243 91 258 91 264 91 251 125 245 137 241 146 290 126 295 132 303 141 266 174 266 187 266 191 307 209 307 225 307 236 254 234 251 233 249 232 258 270 258 292 258 310 211 252 210 263 208 282 207 307 205 318 202 331 179 288 172 275 170 271 150 315 140 321 130 327 136 272 134 268 133 266 103 288 86 298 77 303 91 265 100 249 107 237 59 259 51 248 43 237 91 215 80 210 66 204 46 199 32 195 21 192 71 174 80 177 90 180 35 135 45 134 53 133 114 140 99 138

252 240 61 255
252 240 61 255
91 188 92 151 119 119 166 118 209 117 248 145 245 192 242 235 222 267 170 267 155 267 89 257 91 194

188 190 176 255
188 190 176 255
30 196 1 172 -10 232 13 238 5 245 24 272 42 249 38 268 83 282 111 257 118 288 188 275 186 244 196 252 218 222 187 206 199 195 179 152 142 171 140 143 99 130 83 164 70 153 59 155 56 174 34 156 5 183 28 194

0 0 0 255
0 0 0 255
142 190 152 192 146 205 139 203 129 200 132 185 142 190

0 0 0 255
0 0 0 255
209 188 214 190 215 202 205 201 194 200 202 183 206 189

245 186 234 255
245 186 234 255
119 212 136 215 133 236 124 238 107 242 102 217 113 213

240 107 143 255
240 107 143 255
221 210 245 213 234 239 219 239 203 239 198 213 218 210

0 0 0 255
0 0 0 255
154 218 139 218 178 221 190 218 192 217 190 224 189 224 174 224 168 224 155 223 146 222 153 213 155 216