145 217 245 255
145 217 245 255
123 260 115 288 96 295 93 310 89 327 102 337 110 335 135 329 137 302 137 301 136 281 130 278 125 262

145 217 245 255
145 217 245 255
190 284 193 267 197 322 178 336 170 342 163 363 171 383 172 386 191 394 203 392 222 389 231 373 233 366 238 348 234 341 230 327 227 315 206 297 193 282

145 217 245 255
145 217 245 255
319 259 316 244 318 284 308 290 300 295 296 304 292 309 283 321 281 347 301 352 323 358 337 347 342 329 350 300 326 266 321 259

188 190 176 255
188 190 176 255
78 128 76 122 73 125 70 118 65 105 70 91 69 85 66 82 75 66 77 63 85 51 88 52 96 48 109 41 109 43 117 43 132 43 123 41 137 47 142 49 143 46 153 63 158 72 154 59 161 46 172 25 190 16 177 23 164 30 187 13 202 13 204 13 208 12 223 14 232 15 245 22 247 25 253 33 254 36 258 43 260 46 269 36 284 37 295 38 306 43 311 57 312 60 319 71 314 78 305 90 331 70 343 68  348 67 369 68 380 78 399 95 391 135 379 144 368 153 377 147 364 154 356 158 373 157 377 158 380 159 397 164 393 183 390 198 394 189 388 203 382 216 348 227 348 212 348 209 345 225 330 227 315 229 310 228 300 220 296 217 286 212 285 205 283 193 286 210 276 222 271 228 273 232 265 242 261 247 256 253 251 256 238 264 247 260 233 264 220 268 214 268 202 268 187 268 184 268 173 263 159 257 161 257 152 252 143 249 141 244 134 237 127 230 122 213 119 218 112 230 117 229 100 233 85 237 83 238 69 235 54 232 30 218 28 213 22 199 21 193 21 187 21 172 22 168 23 163 26 148 30 138 45 134 57 131 60 134 63 133 77 128 67 133 78 129 

0 0 0 255
0 0 0 255
177 188 175 203 176 170 188 161 206 148 218 155 229 159 237 162 246 189 242 185 230 173 214 173 210 172 201 170 184 179 176 188

0 0 0 255
0 0 0 255
145 122 149 134 150 137 158 139 163 140 169 127 168 121 165 108 162 106 156 107 139 110 153 133 144 121 

0 0 0 255
0 0 0 255
264 105 271 108 274 111 274 121 274 133 271 138 265 138 256 138 256 136 253 123 252 118 257 102 261 107 

212 212 212 255
212 212 212 255
107 169 109 154 118 149 127 149 133 149 145 152 145 170 145 181 141 189 128 190 111 192 107 170 107 171

212 212 212 255
212 212 212 255
290 155 290 149 297 150 305 152 306 152 318 155 319 170 320 182 307 191 303 191 299 191 291 190 286 185 279 177 277 162 289 154